Range Fit 0.5 - 11
tau_MC = ( 2.1118e+06 +- 186.053) e-06 s
tau_syst[0] = ( 2.11995e+06 +- 177.976) e-06 s
tau_syst[1] = ( 2.11806e+06 +- 191.172) e-06 s
tau_syst[2] = ( 2.12443e+06 +- 188.905) e-06 s
tau_syst[3] = ( 2.11596e+06 +- 184.079) e-06 s
tau_syst[4] = ( 2.12694e+06 +- 186.177) e-06 s
tau_syst[5] = ( 2.11305e+06 +- 186.597) e-06 s
tau_syst[6] = ( 2.12838e+06 +- 191.531) e-06 s
tau_syst[7] = ( 2.11149e+06 +- 190.538) e-06 s
Max Deviation: 0.0165812
