RESULTS:

Layout 1/2:
	
	G_t/G_S = 0.825464 +/- 0.011481
	g =	0.825544 +/- 0.000013
	p-value = 0.9944 
	
Layout 3:

	G_t/G_S = 0.690186 +/- 0.010139
	g =	0.690178 +/- 0.000016
	p-value = 0.9994 
